511.000000 -59.000000 
511.000000 56.000000 
601.000000 136.000000 
706.000000 71.000000 
1086.000000 361.000000 
1216.000000 361.000000 
1356.000000 361.000000 
951.000000 671.000000 
811.000000 671.000000 
686.000000 671.000000 
1476.000000 671.000000 
1606.000000 671.000000 
1746.000000 671.000000 
1351.000000 971.000000 
1211.000000 971.000000 
1076.000000 971.000000 
906.000000 151.000000 
956.000000 311.000000 
1466.000000 321.000000 
1526.000000 141.000000 
1501.000000 236.000000 
921.000000 236.000000 
771.000000 1321.000000 
906.000000 1321.000000 
1041.000000 1321.000000 
1186.000000 1321.000000 
1316.000000 1321.000000 
1456.000000 1321.000000 
1586.000000 1321.000000 
911.000000 1976.000000 
1046.000000 1976.000000 
1181.000000 1976.000000 
1311.000000 1976.000000 
1456.000000 1976.000000 
1586.000000 1976.000000 
-209.000000 6441.000000 
-79.000000 6441.000000 
61.000000 6441.000000 
191.000000 6441.000000 
321.000000 6441.000000 
1941.000000 6441.000000 
2071.000000 6441.000000 
2216.000000 6441.000000 
2346.000000 6441.000000 
2481.000000 6441.000000 
866.000000 2191.000000 
1676.000000 2191.000000 
5896.000000 1261.000000 
6026.000000 1261.000000 
6166.000000 1261.000000 
8246.000000 1006.000000 
8101.000000 1006.000000 
7916.000000 1006.000000 
7741.000000 1006.000000 
7541.000000 1006.000000 
7351.000000 1006.000000 
7176.000000 1006.000000 
7001.000000 1006.000000 
6801.000000 1006.000000 
6631.000000 1006.000000 
6466.000000 1006.000000 
1601.000000 -1999.000000 
1601.000000 -1909.000000 
1601.000000 -1804.000000 
10171.000000 5606.000000 
10171.000000 5696.000000 
10171.000000 5786.000000 
10156.000000 7151.000000 
10156.000000 7246.000000 
10236.000000 7246.000000 
10236.000000 7151.000000 
10296.000000 7151.000000 
10296.000000 7246.000000 
10266.000000 7306.000000 
10191.000000 7306.000000 
10231.000000 7381.000000 
11771.000000 7041.000000 
11916.000000 7041.000000 
12041.000000 7041.000000 
12181.000000 7041.000000 
12316.000000 7041.000000 
12456.000000 7041.000000 
12581.000000 7041.000000 
12716.000000 7041.000000 
12851.000000 7041.000000 
17681.000000 7451.000000 
17801.000000 7451.000000 
17951.000000 7451.000000 
18081.000000 7451.000000 
18226.000000 7451.000000 
18611.000000 7451.000000 
18756.000000 7451.000000 
18891.000000 7451.000000 
19026.000000 7451.000000 
24321.000000 4521.000000 
24426.000000 4626.000000 
24541.000000 4706.000000 
24656.000000 4676.000000 
24761.000000 4571.000000 
24851.000000 4511.000000 
24951.000000 4556.000000 
25046.000000 4651.000000 
25136.000000 4676.000000 
25236.000000 4641.000000 
25316.000000 4561.000000 
25421.000000 4516.000000 
25521.000000 4571.000000 
25626.000000 4676.000000 
11225.000000 -3325.000000 
11320.000000 -3325.000000 
11420.000000 -3325.000000 
11525.000000 -3325.000000 
11610.000000 -3325.000000 
11715.000000 -3325.000000 
11815.000000 -3325.000000 
11910.000000 -3325.000000 
12005.000000 -3325.000000 
12105.000000 -3325.000000 
12205.000000 -3325.000000 
12300.000000 -3325.000000 
12400.000000 -3325.000000 
12495.000000 -3325.000000 
12590.000000 -3325.000000 
12690.000000 -3325.000000 
12795.000000 -3325.000000 
12890.000000 -3325.000000 
12995.000000 -3325.000000 
13090.000000 -3325.000000 
13185.000000 -3325.000000 
13290.000000 -3325.000000 
13380.000000 -3325.000000 
13475.000000 -3325.000000 
13560.000000 -3325.000000 
13560.000000 -3265.000000 
13560.000000 -3195.000000 
13560.000000 -3125.000000 
13560.000000 -3045.000000 
13490.000000 -3040.000000 
13400.000000 -3040.000000 
13300.000000 -3040.000000 
13200.000000 -3040.000000 
13100.000000 -3040.000000 
13005.000000 -3040.000000 
12900.000000 -3040.000000 
12805.000000 -3040.000000 
12695.000000 -3040.000000 
12590.000000 -3040.000000 
12475.000000 -3040.000000 
12380.000000 -3040.000000 
12280.000000 -3040.000000 
12175.000000 -3040.000000 
12080.000000 -3040.000000 
11970.000000 -3040.000000 
11865.000000 -3040.000000 
11775.000000 -3040.000000 
11665.000000 -3040.000000 
11570.000000 -3040.000000 
11475.000000 -3040.000000 
11380.000000 -3040.000000 
11285.000000 -3040.000000 
11195.000000 -3040.000000 
11115.000000 -3040.000000 
11120.000000 -2970.000000 
11120.000000 -2895.000000 
11120.000000 -2810.000000 
11120.000000 -2725.000000 
11180.000000 -2725.000000 
11275.000000 -2725.000000 
11385.000000 -2725.000000 
11495.000000 -2725.000000 
11600.000000 -2725.000000 
11710.000000 -2725.000000 
11815.000000 -2725.000000 
11930.000000 -2725.000000 
12025.000000 -2725.000000 
12135.000000 -2725.000000 
12240.000000 -2725.000000 
12335.000000 -2725.000000 
12430.000000 -2725.000000 
12545.000000 -2725.000000 
12640.000000 -2725.000000 
12745.000000 -2725.000000 
12845.000000 -2725.000000 
12955.000000 -2725.000000 
13050.000000 -2725.000000 
13145.000000 -2725.000000 
13250.000000 -2725.000000 
13350.000000 -2725.000000 
13460.000000 -2725.000000 
13545.000000 -2725.000000 
13610.000000 -2725.000000 
12310.000000 -2450.000000 
12310.000000 -2510.000000 
12310.000000 -2620.000000 
12310.000000 -2565.000000 
12345.000000 -2620.000000 
12345.000000 -2560.000000 
12345.000000 -2505.000000 
12345.000000 -2450.000000 
11275.000000 -3300.000000 
11370.000000 -3300.000000 
11475.000000 -3300.000000 
11560.000000 -3300.000000 
11660.000000 -3300.000000 
11755.000000 -3300.000000 
11875.000000 -3300.000000 
11955.000000 -3300.000000 
12050.000000 -3300.000000 
12160.000000 -3300.000000 
12245.000000 -3300.000000 
12355.000000 -3300.000000 
12450.000000 -3300.000000 
12545.000000 -3300.000000 
12635.000000 -3300.000000 
12745.000000 -3300.000000 
12845.000000 -3300.000000 
12935.000000 -3300.000000 
13040.000000 -3300.000000 
13140.000000 -3300.000000 
13245.000000 -3300.000000 
13330.000000 -3300.000000 
13425.000000 -3300.000000 
13520.000000 -3300.000000 
13530.000000 -3000.000000 
13445.000000 -3000.000000 
13350.000000 -3000.000000 
13255.000000 -3000.000000 
13150.000000 -3000.000000 
13060.000000 -3000.000000 
12955.000000 -3000.000000 
12860.000000 -3000.000000 
12750.000000 -3000.000000 
12650.000000 -3000.000000 
12545.000000 -3000.000000 
12435.000000 -3000.000000 
12330.000000 -3000.000000 
12235.000000 -3000.000000 
12135.000000 -3000.000000 
12030.000000 -3000.000000 
11925.000000 -3000.000000 
11815.000000 -3000.000000 
11725.000000 -3000.000000 
11625.000000 -3000.000000 
11525.000000 -3000.000000 
11425.000000 -3000.000000 
11340.000000 -3000.000000 
11240.000000 -3000.000000 
11225.000000 -2685.000000 
11335.000000 -2685.000000 
11440.000000 -2685.000000 
11545.000000 -2685.000000 
11650.000000 -2685.000000 
11755.000000 -2685.000000 
11865.000000 -2685.000000 
11980.000000 -2685.000000 
12075.000000 -2685.000000 
12180.000000 -2685.000000 
12280.000000 -2685.000000 
12375.000000 -2685.000000 
12485.000000 -2685.000000 
12590.000000 -2685.000000 
12690.000000 -2685.000000 
12785.000000 -2685.000000 
12905.000000 -2685.000000 
13000.000000 -2685.000000 
13100.000000 -2685.000000 
13200.000000 -2685.000000 
13300.000000 -2685.000000 
13400.000000 -2685.000000 
13510.000000 -2685.000000 
13580.000000 -2685.000000 
-5805.000000 -1039.000000 
-5805.000000 -1109.000000 
-5805.000000 -1184.000000 
-5760.000000 -1239.000000 
-5700.000000 -1304.000000 
-5650.000000 -1364.000000 
-5675.000000 -1389.000000 
-5760.000000 -1474.000000 
-5815.000000 -1529.000000 
-5895.000000 -1609.000000 
-5720.000000 -1424.000000 
-5860.000000 -1569.000000 
-5930.000000 -1664.000000 
-5930.000000 -1729.000000 
-5880.000000 -1774.000000 
-5815.000000 -1839.000000 
-5760.000000 -1894.000000 
-5695.000000 -1959.000000 
-5655.000000 -2044.000000 
-5655.000000 -2109.000000 
-5695.000000 -2144.000000 
-5755.000000 -2204.000000 
-5820.000000 -2269.000000 
-5880.000000 -2329.000000 
-5940.000000 -2389.000000 
-5940.000000 -2444.000000 
-5940.000000 -2504.000000 
-5915.000000 -2529.000000 
-5845.000000 -2599.000000 
-5785.000000 -2659.000000 
-5725.000000 -2719.000000 
-5665.000000 -2779.000000 
-5885.000000 -2559.000000 
-5695.000000 -2754.000000 
-5750.000000 -2689.000000 
-5820.000000 -2624.000000 
-5650.000000 -2839.000000 
-5650.000000 -2899.000000 
-5715.000000 -2959.000000 
-5775.000000 -3019.000000 
-5835.000000 -3079.000000 
-5885.000000 -3129.000000 
-5805.000000 -3039.000000 
-5750.000000 -2984.000000 
-5685.000000 -2919.000000 
-5915.000000 -3159.000000 
-5915.000000 -3234.000000 
-5870.000000 -3184.000000 
-5875.000000 -3289.000000 
-5820.000000 -3344.000000 
-5770.000000 -3394.000000 
-5715.000000 -3449.000000 
-5660.000000 -3504.000000 
-5650.000000 -3439.000000 
-5680.000000 -3404.000000 
-5730.000000 -3354.000000 
-5785.000000 -3299.000000 
-5835.000000 -3249.000000 
-5825.000000 -3144.000000 
-5775.000000 -3094.000000 
-5720.000000 -3039.000000 
-5665.000000 -2984.000000 
-5685.000000 -2839.000000 
-5715.000000 -2799.000000 
-5770.000000 -2744.000000 
-5825.000000 -2689.000000 
-5880.000000 -2634.000000 
-5935.000000 -2579.000000 
-5900.000000 -2479.000000 
-5900.000000 -2404.000000 
-5855.000000 -2349.000000 
-5790.000000 -2284.000000 
-5740.000000 -2234.000000 
-5690.000000 -2184.000000 
-5645.000000 -2139.000000 
-5690.000000 -2039.000000 
-5730.000000 -1999.000000 
-5780.000000 -1949.000000 
-5830.000000 -1899.000000 
-5880.000000 -1849.000000 
-5930.000000 -1799.000000 
-5890.000000 -1679.000000 
-5855.000000 -1639.000000 
-5800.000000 -1584.000000 
-5750.000000 -1534.000000 
-5695.000000 -1479.000000 
-5645.000000 -1429.000000 
-5725.000000 -1349.000000 
-5775.000000 -1299.000000 
-5843.000000 -1099.000000 
-5843.000000 -1044.000000 
-5843.000000 -1164.000000 
-5843.000000 -1224.000000 
-5803.000000 -1264.000000 
7472.000000 3528.000000 
7512.000000 3528.000000 
7557.000000 3528.000000 
