-599.000000 4680.000000 
-599.000000 4595.000000 
-539.000000 4595.000000 
-539.000000 4680.000000 
-474.000000 4680.000000 
-474.000000 4595.000000 
-424.000000 4595.000000 
-424.000000 4680.000000 
-344.000000 4680.000000 
-289.000000 4680.000000 
-289.000000 4590.000000 
-349.000000 4590.000000 
-824.000000 4880.000000 
-739.000000 4880.000000 
-629.000000 4880.000000 
-524.000000 4880.000000 
-409.000000 4880.000000 
-309.000000 4880.000000 
-304.000000 4965.000000 
-404.000000 4965.000000 
-519.000000 4965.000000 
-629.000000 4965.000000 
-744.000000 4965.000000 
-809.000000 4965.000000 
-689.000000 4965.000000 
-689.000000 4875.000000 
-579.000000 4875.000000 
-579.000000 4960.000000 
-469.000000 4960.000000 
-469.000000 4885.000000 
-239.000000 4675.000000 
-144.000000 4675.000000 
-44.000000 4675.000000 
66.000000 4675.000000 
171.000000 4675.000000 
276.000000 4675.000000 
376.000000 4675.000000 
486.000000 4675.000000 
596.000000 4675.000000 
701.000000 4675.000000 
806.000000 4675.000000 
806.000000 4580.000000 
696.000000 4580.000000 
581.000000 4580.000000 
476.000000 4580.000000 
376.000000 4580.000000 
266.000000 4580.000000 
161.000000 4580.000000 
56.000000 4580.000000 
-39.000000 4580.000000 
-139.000000 4580.000000 
-214.000000 4580.000000 
-189.000000 4680.000000 
-84.000000 4680.000000 
-84.000000 4570.000000 
11.000000 4585.000000 
11.000000 4690.000000 
121.000000 4675.000000 
106.000000 4585.000000 
216.000000 4585.000000 
216.000000 4680.000000 
331.000000 4680.000000 
331.000000 4570.000000 
421.000000 4570.000000 
421.000000 4675.000000 
536.000000 4675.000000 
536.000000 4570.000000 
646.000000 4570.000000 
646.000000 4680.000000 
751.000000 4680.000000 
751.000000 4585.000000 
806.000000 4900.000000 
711.000000 4900.000000 
626.000000 4900.000000 
531.000000 4900.000000 
451.000000 4900.000000 
386.000000 4900.000000 
571.000000 4900.000000 
491.000000 4900.000000 
666.000000 4900.000000 
766.000000 4900.000000 
806.000000 4970.000000 
746.000000 4970.000000 
681.000000 4970.000000 
621.000000 4970.000000 
561.000000 4970.000000 
501.000000 4970.000000 
441.000000 4970.000000 
381.000000 4970.000000 
-359.000000 4970.000000 
-359.000000 4885.000000 
-779.000000 4880.000000 
-854.000000 5275.000000 
-789.000000 5275.000000 
-729.000000 5275.000000 
-639.000000 5275.000000 
-574.000000 5275.000000 
-504.000000 5275.000000 
-504.000000 5355.000000 
-574.000000 5355.000000 
-624.000000 5355.000000 
-709.000000 5355.000000 
-769.000000 5355.000000 
-839.000000 5355.000000 
-664.000000 5350.000000 
-684.000000 5280.000000 
436.000000 5360.000000 
501.000000 5360.000000 
561.000000 5360.000000 
631.000000 5360.000000 
636.000000 5290.000000 
561.000000 5290.000000 
506.000000 5290.000000 
431.000000 5290.000000 
-1474.000000 370.000000 
-1559.000000 370.000000 
-1644.000000 370.000000 
-1744.000000 370.000000 
-1849.000000 370.000000 
-1959.000000 370.000000 
-2059.000000 370.000000 
-2164.000000 370.000000 
-2274.000000 370.000000 
-2344.000000 370.000000 
331.000000 45.000000 
681.000000 45.000000 
391.000000 45.000000 
471.000000 45.000000 
581.000000 45.000000 
761.000000 45.000000 
851.000000 45.000000 
936.000000 45.000000 
1051.000000 45.000000 
1166.000000 45.000000 
1231.000000 205.000000 
1231.000000 290.000000 
1326.000000 385.000000 
1426.000000 365.000000 
1566.000000 365.000000 
1656.000000 365.000000 
1781.000000 365.000000 
1901.000000 365.000000 
2016.000000 365.000000 
4082.000000 501.000000 
4147.000000 501.000000 
4247.000000 501.000000 
4332.000000 501.000000 
4197.000000 501.000000 
4117.000000 571.000000 
4177.000000 571.000000 
4232.000000 571.000000 
4292.000000 571.000000 
4267.000000 641.000000 
4212.000000 641.000000 
4157.000000 641.000000 
4217.000000 721.000000 
2960.000000 183.000000 
2960.000000 118.000000 
2960.000000 -7.000000 
2960.000000 -102.000000 
2960.000000 -192.000000 
2960.000000 -272.000000 
2960.000000 -357.000000 
2960.000000 -447.000000 
2960.000000 -532.000000 
2960.000000 -622.000000 
2960.000000 -717.000000 
2960.000000 -817.000000 
2960.000000 -897.000000 
2960.000000 -1002.000000 
2960.000000 -1092.000000 
2960.000000 -1192.000000 
2960.000000 -1282.000000 
2960.000000 -1372.000000 
2960.000000 -1462.000000 
2960.000000 -1552.000000 
2960.000000 -1642.000000 
2960.000000 -1732.000000 
2960.000000 -1832.000000 
2960.000000 -1917.000000 
2960.000000 -2017.000000 
2960.000000 -2092.000000 
2960.000000 -2192.000000 
2920.000000 -2192.000000 
2920.000000 -2087.000000 
2920.000000 -2012.000000 
2920.000000 -1917.000000 
2920.000000 -1832.000000 
2920.000000 -1737.000000 
2920.000000 -1647.000000 
2920.000000 -1552.000000 
2920.000000 -1467.000000 
2920.000000 -1382.000000 
2920.000000 -1292.000000 
2920.000000 -1202.000000 
2920.000000 -1112.000000 
2920.000000 -1047.000000 
2920.000000 -967.000000 
2920.000000 -882.000000 
2920.000000 -802.000000 
2920.000000 -717.000000 
2920.000000 -642.000000 
2920.000000 -582.000000 
2920.000000 -502.000000 
2920.000000 -437.000000 
2920.000000 -347.000000 
2920.000000 -277.000000 
2920.000000 -197.000000 
2920.000000 -127.000000 
2920.000000 -72.000000 
2920.000000 -2.000000 
2920.000000 48.000000 
2965.000000 48.000000 
2920.000000 118.000000 
2920.000000 188.000000 
2915.000000 253.000000 
2955.000000 253.000000 
2955.000000 313.000000 
2920.000000 313.000000 
2940.000000 378.000000 
3595.024902 -725.025696 
3595.024902 -800.025696 
3595.024902 -890.025696 
3595.024902 -950.025696 
3595.024902 -1010.025696 
3595.024902 -1075.025635 
3595.024902 -1135.025635 
3595.024902 -1195.025635 
3595.024902 -1250.025635 
3595.024902 -1310.025635 
3595.024902 -1365.025635 
3595.024902 -1425.025635 
3595.024902 -1480.025635 
3595.024902 -1535.025635 
3595.024902 -1590.025635 
3595.024902 -1645.025635 
3595.024902 -1700.025635 
3595.024902 -1755.025635 
3595.024902 -1815.025635 
3595.024902 -1870.025635 
3595.024902 -1920.025635 
3595.024902 -1975.025635 
3595.024902 -2030.025635 
3595.024902 -2095.025635 
9417.000000 -934.000000 
9567.000000 -934.000000 
9707.000000 -934.000000 
9852.000000 -934.000000 
9997.000000 -934.000000 
10137.000000 -934.000000 
10277.000000 -934.000000 
10412.000000 -934.000000 
10787.000000 -744.000000 
10887.000000 -744.000000 
11007.000000 -744.000000 
11122.000000 -744.000000 
10617.000000 -529.000000 
10522.000000 -529.000000 
10432.000000 -529.000000 
10322.000000 -529.000000 
10797.000000 -309.000000 
10892.000000 -309.000000 
11002.000000 -309.000000 
11112.000000 -309.000000 
10647.000000 -69.000000 
10562.000000 -69.000000 
10447.000000 -69.000000 
10327.000000 -69.000000 
10777.000000 166.000000 
10862.000000 166.000000 
10992.000000 166.000000 
11107.000000 166.000000 
10607.000000 361.000000 
10507.000000 361.000000 
10397.000000 361.000000 
10292.000000 361.000000 
14542.000000 1531.000000 
14642.000000 1531.000000 
14772.000000 1531.000000 
14907.000000 1531.000000 
15027.000000 1531.000000 
15162.000000 1531.000000 
15292.000000 1531.000000 
12572.000000 1751.000000 
12572.000000 1706.000000 
12572.000000 1601.000000 
12572.000000 1491.000000 
12572.000000 1396.000000 
12572.000000 1301.000000 
12572.000000 1221.000000 
12572.000000 1126.000000 
12572.000000 1041.000000 
12572.000000 951.000000 
12572.000000 841.000000 
12607.000000 841.000000 
12607.000000 921.000000 
12607.000000 1021.000000 
12607.000000 1111.000000 
12607.000000 1206.000000 
12607.000000 1301.000000 
12607.000000 1406.000000 
12607.000000 1496.000000 
12607.000000 1586.000000 
12607.000000 1681.000000 
12607.000000 1766.000000 
9182.000000 -2044.000000 
9242.000000 -2044.000000 
9317.000000 -2044.000000 
9387.000000 -2044.000000 
9447.000000 -2044.000000 
9517.000000 -2044.000000 
9582.000000 -2044.000000 
9647.000000 -2044.000000 
9717.000000 -2044.000000 
9782.000000 -2044.000000 
9847.000000 -2044.000000 
9917.000000 -2044.000000 
9982.000000 -2044.000000 
10047.000000 -2044.000000 
10112.000000 -2044.000000 
10182.000000 -2044.000000 
10247.000000 -2044.000000 
10312.000000 -2044.000000 
10377.000000 -2044.000000 
10442.000000 -2044.000000 
10512.000000 -2044.000000 
10577.000000 -2044.000000 
10647.000000 -2044.000000 
10717.000000 -2044.000000 
10782.000000 -2044.000000 
10847.000000 -2044.000000 
10912.000000 -2044.000000 
10982.000000 -2044.000000 
11047.000000 -2044.000000 
11017.000000 -2004.000000 
10947.000000 -2004.000000 
10877.000000 -2004.000000 
10817.000000 -2004.000000 
10752.000000 -2004.000000 
10687.000000 -2004.000000 
10622.000000 -2004.000000 
10552.000000 -2004.000000 
10482.000000 -2004.000000 
10412.000000 -2004.000000 
10352.000000 -2004.000000 
10282.000000 -2004.000000 
10217.000000 -2004.000000 
10147.000000 -2004.000000 
10077.000000 -2004.000000 
10017.000000 -2004.000000 
9957.000000 -2004.000000 
9892.000000 -2004.000000 
9822.000000 -2004.000000 
9747.000000 -2004.000000 
9687.000000 -2004.000000 
9612.000000 -2004.000000 
9552.000000 -2004.000000 
9487.000000 -2004.000000 
9422.000000 -2004.000000 
9352.000000 -2004.000000 
9287.000000 -2004.000000 
9217.000000 -2004.000000 
